10.599230769230868
10.599230769230868
10.599230769230868
10.599230769230868
10.599230769230868
10.599230769230868
10.599230769230868
10.599230769230868
10.599230769230868
10.599230769230868
10.599230769230868
10.599230769230868
10.599230769230868
11.437597812055124
12.937597812055124
14.437597812055124
15.937597812055124
17.437597812055124
18.937597812055124
20.437597812055124
21.937597812055124
23.437597812055124
24.937597812055124
26.437597812055124
27.937597812055124
29.437597812055124
30.937597812055124
32.437597812055124
33.937597812055124
35.437597812055124
36.937597812055124
38.437597812055124
39.937597812055124
41.437597812055124
42.937597812055124
44.437597812055124
45.937597812055124
47.437597812055124
48.937597812055124
50.437597812055124
51.937597812055124
53.437597812055124
54.937597812055124
56.437597812055124
57.937597812055124
59.437597812055124
60.937597812055124
62.437597812055124
63.937597812055124
65.43759781205512
66.93759781205512
68.43759781205512
69.93759781205512
71.43759781205512
72.93759781205512
74.43759781205512
75.00000702665565
75.00000702665565
75.00000702665565
75.00000702665565
75.00000702665565
75.00000702665565
75.00000702665565
75.00000702665565
75.00000702665565
75.00000702665565
75.00000702665565
75.00000702665565
75.00000702665565
75.00000702665565
75.00000702665565
75.00000702665565
75.00000702665565
75.00000702665565
75.00000702665565
75.00000702665565
75.00000702665565
75.00000702665565
75.00000702665565
75.00000702665565
75.00000702665565
75.00000702665565
75.00000702665565
75.00000702665565
75.00000702665565
75.00000702665565
75.00000702665565
75.00000702665565
75.00000702665565
75.00000702665565
75.00000702665565
75.00000702665565
75.00000702665565
75.00000702665565
75.00000702665565
75.00000702665565
75.00000702665565
75.00000702665565
75.00000702665565
75.00000702665565
75.00000702665565
75.00000702665565
75.00000702665565
75.00000702665565
75.00000702665565
75.00000702665565
